0012340000009
0021890000005
0022680000009
0030340000011
0030360000001
0030420000001
0041730000020
0041730000167
0041740000147
0041740000148
0041750000170
0041750000193
0041750000229
0041750000345
0041760000206
0041790000296
0041800000303
0042070180024
0051270000002
0072430000003
0072650000008
0091180000007
0092200150015
0092210180011
0092210180017
0111310000068
0120090000025
0120630000001
0121290040009
0121440000058
0122810930001
0130980160001
0131390000068
0150020070012
0150070300020
0151300000060
0161170000013
0161290000007
0162510000014
0172080110065
0180860000014
0202610000020
0210550000015
0210550000017
0210690010025
0210690010026
0210690030034
0210700060032
0210700060035
0210700060038
0210700060039
0210700090026
0221950000007
0222460000242
0222460300005
0230860000006
0231420000510
0231430000534
0231440000598
0231440000685
0231440000685
0231470000903
0231980680013
0240760790001
0250440000130
0250440000139
0250450000194
0250450000211
0251090000023
0251420000027
0251440000015
0251510600003
0251510600005
0251910000038
0252030000016
0252460000004
0261210000278
0261210000278
0271370000001
0271380000004
0271670000001
0271690000001
0271760000001
0271760000005
0271860000002
0271900000007
0271980000010
0272050020005
0272560000003
0272560000016
0272560000023
0272560000046
0272560000132
0272560000134
0280430000019
0280640050074
0280660000006
0280660000049
0280660000059
0280660000062
0280660000065
0280660000066
0280660000072
0280660000079
0280660000080
0280660000083
0280660000089
0280660000096
0280660000096
0280660150058
0280660150058
0280660220018
0282070000001
0291780170020
0292240250001
0302260070003
0302270100005
0310200000003
0310200000006
0310270000004
0310570000006
0312280000001
0312310000010
0312340000002
0312340000003
0330510000031
0332090360003
0332100380012
0340050080013
0340070110009
0340170310013
0340170310015
0340300570013
0340350670004
0340590150001
0340590160030
0340780540003
0341980030001
0341990000061
0342030010034
0342030010305
0342030010317
0342030020106
0342030020108
0342030030221
0342070110025
0342070120004
0342070140021
0342070150008
0350150180008
0350150180010
0350150180012
0361210000011
0361210000031
0362500000011
0370580230081
0370620030081
0370620040145
0370620040160
0371500000004
0371770000013
0371780000040
0371880000070
0371890000009
0371890000011
0371970000001
0380480000001
0380630000001
0381020410002
0382740000111
0382760000023
0382760000023
0382820000010
0382900030017
0382900030021
0382900030065
0382900030065
0390620000032
0390870810001
0390930000041
0390980000007
0390980000023
0392150010004
0392150010021
0392150020028
0392180020025
0392180020028
0392180020033
0392180030006
0392750000013
0392750000013
0400100000012
0401100000013
0401170000011
0401590000001
0401790000067
0401940000062
0401980000027
0402180030028
0402180030138
0402180040033
0402180040033
0402320000003
0402340000044
0402390000122
0402400050020
0402400050063
0402440010017
0402460000039
0402460000132
0402580000003
0402620000021
0402620010034
0402620010041
0402630000004
0402630000005
0402630000020
0402630000034
0402630000043
0402630000060
0402640010008
0402640020017
0402650010005
0402650010015
0402650010018
0402650010019
0402650020014
0402650030036
0402650030042
0402650030060
0402650030065
0410020050006
0410030000768
0410030000816
0410030000846
0410030000858
0410070370004
0410070370033
0410120010011
0410150020008
0410150040018
0410150080008
0410220020229
0410220020231
0410260020001
0410300000010
0410320010002
0410320010014
0410320010045
0410320010140
0410320010157
0410480000014
0410500050223
0410520000036
0410520000038
0410660000027
0410730030065
0410840000120
0410850000253
0410850000253
0420100000304
0420410000202
0420500000014
0420500000020
0420670000081
0420760000034
0420800000025
0420930000204
0421000000040
0421210000156
0421280000007
0421280000050
0421280000065
0421280000074
0421280000082
0421280000083
0421280000090
0421280000091
0421280000103
0421290000088
0421300010384
0421310030012
0421310050009
0421380000001
0421420000166
0421580000023
0421670000111
0421840000020
0421910000006
0421910000006
0422300010027
0422350020062
0422440000045
0422440000045
0422440000050
0422440000050
0422470000016
0422470000016
0422510000026
0422520000005
0422520000005
0422560000053
0422580000031
0430040010040
0430040010040
0430120000023
0430120000085
0430360000020
0430390000007
0430420000015
0430520000013
0430520000013
0430650000010
0430790000010
0430790000010
0430870000006
0431150000006
0431490000101
0431490000339
0431490010379
0431490010393
0431490010396
0431500046202
0431500060034
0431630000132
0431740020185
0431740020185
0432050020416
0432120010140
0432120010414
0432160000115
0432340000017
0440010000021
0440010000079
0440140000232
0440290000002
0440290000002
0440290000013
0440290000023
0440290000024
0440400000008
0440400000064
0440400000064
0440400000066
0440400000066
0440450000004
0440460020055
0440480000005
0440480000007
0440480000157
0440810000030
0440820000001
0440820000421
0440820030040
0450190001004
0450220000007
0450220000009
0450220000055
0450220000099
0450370000013
0450550000125
0450670000042
0450760000015
0450760000085
0450760000085
0450770000138
0450780000445
0451150000004
0451350000187
0451380000035
0451470000015
0451520000266
0451520000267
0451520000269
0451570000001
0451600000059
0451600000063
0451620000018
0451620000088
0451630000002
0451680000110
0451800000149
0451890000671
0451940000060
0460190000021
0460190000049
0460210000004
0460240000020
0460240000087
0460240000088
0460240000089
0460240000090
0460290000107
0460290000118
0460320000009
0460400000020
0460400000328
0460400010012
0460430000055
0460430000055
0460470000001
0460470000001
0460520000051
0460830000068
0460950000004
0460950000029
0461170000017
0461170000180
0461390000035
0461400000046
0461400000046
0461640000083
0461640000083
0461800000066
0461800000095
0470080000040
0470300000074
0471150000032
0471150000032
0471150000105
0471300000045
0471690000057
0471950000003
0471950000003
0471950000005
0471950000036
0471950000036
0472040000001
0480980000018
0481130000016
0502150000032
0502160000022
0502160000036
0502180000034
0502180000107
0502180000113
0502210000065
0502210000069
0502210000173
0502220000142
0502230000149
0502230000198
0502230000203
0510920000008
0513350000036
0521850000001
0522840000208
0522840000209
0523170000001
0532150000012
0540330000004
0540330000005
0540410000001
0550100000001
0550390000013
0551400100003
0560120160003
0560120180005
0562380060001
0572220000011
0572240020001
0572240020001
0580770020031
0580910030030
0580910030030
0581260000081
0582450010013
0583030000028
0590130000093
0590150020010
0590230140001
0590230170020
0590740340016
0590740350018
0590790440006
0590790440007
0590800450004
0591320170001
0591340290004
0591340290006
0591340310007
0591350500021
0591350510013
0591360030011
0591390000300
0591510010065
0591510070035
0600410000015
0600510000079
0601250050007
0601250050011
0611960000038
0611980000009
0612060690014
0620310020008
0620310020012
0620310030003
0620310030013
0620310050007
0620310080006
0630010020006
0630470000039
0630470060021
0630470060021
0640150000034
0640150000034
0640150000036
0640150000078
0640150000098
0640150000119
0640160010110
0640160010150
0640450000041
0640460000084
0640660190005
0641810000024
0641850000067
0641870000121
0642250170001
0642440000013
0642470180018
0650050000647
0650190000018
0650190000030
0650190000036
0650190000037
0650190000040
0650190000058
0650190000061
0650190000065
0650190000122
0650190000133
0650190000141
0650190000166
0650190000167
0650190000168
0650190000169
0650190000170
0650190000172
0650190000173
0650190000174
0650330000193
0650400010005
0650410060007
0650520070008
0650520070033
0650560020016
0650560020016
0650760000039
0650910030025
0651100000037
0660290090005
0660290090011
0660640380025
0660850010003
0661130070003
0670190020002
0670230040064
0670300000216
0670450040050
0670470040151
0680410050089
0680790000016
0680870000013
0680870000024
0680930010004
0680930010007
0681040020010
0681350000227
0681390000011
0691010010001
0691010010012
0691010010012
0691010020003
0691010020013
0691010020013
0691030050027
0691030060014
0700290020006
0700930000001
0700930000002
0701230010014
0710050070259
0710050080265
0710190000133
0710430020030
0710430060001
0710550070401
0720510060006
0730010020008
0731670040035
0740590030037
0740610020029
0740740010001
0741070090009
0741250010009
0741310140007
0741570030022
0750250010010
0750700480765
0751170030035
0761270020012
0761770090004
0770370100015
0771970050188
0790430050132
0800650000001
0812510000014
0836050000019
0841850000102
0855280000007
0921270000158
0940300000009
0950060000001
0963180000001
0965560000015
0984700000004
1005150000057
1011890000016
1020130000001
1021320000002
1023280000002
1041580000006
1043020000003
1043320000003
1044220000017
1053050000002
1053050000009
1053050000026
1053050000045
1055100000001
1057750000017
1057770000002
1057770000006
1060840000051
1067200000002
1075220000001
1077660000001
1094650000004
1122710000002
1122720000001
1122720000001
1125040000002
1139270000011
1139540000028
1147290020001
1148090000008
1148090000009
1148090000010
1148090000011
1148090000012
1148090000014
1148090000015
1148090000016
1148090000017
1149200000007
1151470020002
1151470020007
1151810010005
1151810040004
1151810050006
1151810070004
1151830010024
1151830020047
1151830020068
1151830020072
1151830020073
1152120010001
1158090020001
1158090020003
1158090020005
1160160000007
1162020000012
1162020000013
1162020000018
1162020000019
1162020000020
1162020000038
1162020000056
1164480000023
1164690000001
1164690000001
1164690000017
1164690000017
1164690000019
1164690000021
1164690000022
1164690000022
1164690000023
1164690000023
1164690000029
1164690000029
1164690000030
1164690000034
1164690000039
1164690000040
1164690000042
1164690000042
1164690000044
1164690000058
1164690000064
1164690000075
1164690000076
1164700000011
1164700000012
1164700000014
1164700000019
1164700000024
1164700000026
1164700000028
1165650000001
1165650000028
1167460000001
1167780000001
1167840010001
1169860000002
1169860000002
1170570000001
1171980010001
1174000010001
1174450010001
1186210010002
1186210010006
1186210010007
1189190010001
1189190010001
1192130010001
1192670010001
1193090010001
1193090010004
1193090020002
1193090020003
1193090020004
1193090020005
1193090020008
1193090020009
1193090020011
1193090020012
1196270010006
1196650010001
1196740010002
1196860010001
1197280000017
1197790010001
1197790010001
1199150030001
1199800010001
1201630010001
1201630010001
1202200010003
1202200010005
1202810010001
1203280010012
1203280010013
1204330010001
1204490010004
1204490020010
1205770010001
1207280000001
1207280000004
1207280000010
1207280000025
1207280000028
1207280000029
1208210010001
1208570030007
1208570030007
1209280010001
1216990010001
1217140010001
1218570010001
1219800010007
1219800010007
1221030010001
1221700010003
1223110010001
1224100010001
1224100010001
1225740010001
1226390010001
1227530010002
1227530010003
1227530010003
1230870010003
1230870010004
1230870010005
1231730010001
1233220010002
1234350000001
1234680010001
1234680010002
1234680010003
1237130010001
1237130010003
1237130020005
1237130030003
1237130030006
1239440010001
1243410010002
1244560010001
1245410010001
1246900010001
1247510010001
1249330020006
1250380010001
1251700030001
1252640010001
1253730010001
1254540010001
1255320000001
1256630010001
1258580010001
1258970010001
1259300010001
1259700010001
1260440010001
1262050010001
1262050010003
1262050010004
1262050010005
1262050010006
1262050010007
1262050010008
1263360010006
1264400010001
1267680020001
1268100010001
1271160010002
1271160010002
1271680010006
1271700010001
1273070010003
1276450010002
1277750010001
1278340010001
1278340010001
1280520010001
1284020010009
1285350010012
1285350010013
1285350010014
1285350010015
1285350010016
1285700010001
1285700010002
1285700010003
1285740010001
1288980010002
1288980010003
1289580020001
1289680010001
1290430010001
1290640010001
1290710010001
1290960010004
1290970010001
1291640010001
1292870010001
1294210010007
1294460010001
1296900010010
1297480010001
1297710010001
1297710010001
1297830010001
1297830010001
1298910010001
1299870010003
1299880010003
1300030010001
1300030010001
1300250010001
1300330010001
1302910010002
1302910010006
1302910010007
1303180020001
1304020010001
1304020010001
1306380010001
1306380010001
1306580010001
1306580010002
1307180010002
1307180010003
1309090010001
1309650010001
1310440010001
1311520010001
1311800030006
1311800030010
1311890010001
1311890010001
1313520010001
1313580010001
1313580010001
1313900010001
1313970010001
1314080010001
1314170010002
1314170010002
1314170010006
1314170010006
1314180020003
1314180020004
1314210010001
1314850010002
1314860010001
1314860010001
1314950010003
1314950010004
1314950010006
1314950010007
1314950020002
1314950020005
1314950020008
1314950020009
1314950020014
1314950020019
1314950020020
1314950020023
1315380010001
1316130020003
1316130020004
1316130030004
1316890010005
1317290010001
1317330010001
1317340010001
1317620010001
1317760010001
1318490010002
1319190010005
1320680010001
1320980010001
1320980010001
1321500010001
1321850010001
1321960010001
1322040010001
1322950010001
1322950010001
1323000010001
1323000010001
1323970010001
1324340010001
1327010010001
1327850010001
1327850010001
1328210010001
1328930010001
1329180010001
1329360010001
1330010010004
1330010010004
1330900010001
1330900010001
1330900010002
1330900010003
1330900010004
1330900010006
1331620010001
1332270010001
1332270010001
1332540010001
1332970010001
1332970010001
1335650010001
1335650010001
1335760010001
1335760010001
1335800010003
1336370010001
1336370010001
1339340010001
1339340010001
1339350010001
1339350010001
1339390010002

